SpatialFreq	ContrastThreshold	ContrastSensitivity
2.051993	0.067500	14.814817

Staircase for 2.051993 (c/d)
100.000000
100.000000
75.000000
75.000000
50.000000
50.000000
25.000000
25.000000
20.000000
20.000000
15.000000
15.000000
10.000000
10.000000
5.000000
10.000000
10.000000
9.500000
9.500000
9.000000
9.000000
8.500000
9.000000
9.000000
8.950000
8.950000
8.900000
8.900000
8.849999
8.849999
8.349999
8.349999
7.849999
7.849999
7.349999
7.349999
6.849999
6.849999
6.349999
6.849999
6.849999
6.799999
6.799999
6.749999
6.749999
6.699999
6.749999

